left:
  camera_model: pinhole
  distortion_model: radtan
  intrinsics: [1412.6901278431606, 1412.6901278431606, 940.0112201671241, 423.54567458487634]
  distortion_coeffs: [-0.16202244351305017, 0.08851922137488444, -0.000990767832236029, -0.0005704722360745347, 0.0]
  resolution: [1808, 1016]
  T:
  - [0.9999401444277165, 0.004167684859384289, -0.010116222851953646, 0.0]
  - [-0.004167471594030331, 0.9999913151637433, 4.2161594980859535e-05, 0.0]
  - [0.010116310710455689, -6.623458834349727e-17, 0.9999488288195599, 0.0]
  - [0.0, 0.0, 0.0, 1.0]
left_rect:
  camera_model: pinhole
  intrinsics: [1392.997671861749, 1392.997671861749, 938.2276625420617, 416.2251044161178]
  resolution: [1808, 1016]
  P:
  - [1392.997671861749, 0.0, 938.2276625420617, 0.0]
  - [0.0, 1392.997671861749, 416.2251044161178, 0.0]
  - [0.0, 0.0, 1.0, 0.0]
right:
  camera_model: pinhole
  distortion_model: radtan
  intrinsics: [1415.013712062459, 1415.013712062459, 937.472203846585, 415.3050349771123]
  distortion_coeffs: [-0.16718687327723405, 0.10872060138624938, -0.00031593029167092165, -0.0008773087564024548, 0.0]
  resolution: [1808, 1016]
  T:
  - [0.9999880321328816, 0.0001602778461513799, 0.004889775252399585, 0.0]
  - [-0.00016585003619830007, 0.9999993373864374, 0.0011391753384302236, 0.0]
  - [-0.0048895894277985515, -0.0011399726743337607, 0.9999873961093356, 0.0]
  - [0.0, 0.0, 0.0, 1.0]
right_rect:
  camera_model: pinhole
  intrinsics: [1392.997671861749, 1392.997671861749, 938.2276625420617, 416.2251044161178]
  resolution: [1808, 1016]
  P:
  - [1392.997671861749, 0.0, 938.2276625420617, -555.5481748996333]
  - [0.0, 1392.997671861749, 416.2251044161178, 0.0]
  - [0.0, 0.0, 1.0, 0.0]
