P2: 1392.997671861749 0.0 938.2276625420617 0.0 0.0 1392.997671861749 416.2251044161178 0.0 0.0 0.0 1.0 0.0
R0_rect: 1 0 0 0 1 0 0 0 1
Tr_velo_to_cam: -0.00544037514901363 -0.999742704704158 0.0220210514974452 0.182114790293385 -0.0115629047667825 -0.0219570129447602 -0.999692046990421 0.00946154951956244 0.999918347442226 -0.00569332709044268 -0.0114404752982084 -0.132748318877907
